 Event ID : 19
-7.36236 60.9599 50 25 21515
-9.81648 62.3091 50 25 7091.21
-14.7247 269.378 66 33 999.517
-7.36236 58.0584 66 33 4186.38
-12.2706 60.9599 70 35 457.584
-19.6329 260.876 72 36 730.372
-24.5412 252.375 78 39 521.991
-29.4494 243.874 84 42 650.888
-34.3576 235.372 88 44 647.598
-12.2706 58.0584 94 47 3766.09
-39.2659 226.871 94 47 975.953
-9.81648 56.7093 96 48 23916.8
-44.1741 218.37 100 50 674.83
-44.1741 206.899 104 52 838.616
-39.2659 215.4 106 53 112.083
-44.1741 201.367 108 54 269.364
-49.0823 198.398 110 55 506.769
-49.0824 192.866 114 57 3790.53
-49.0824 181.395 122 61 462.586
-49.0824 175.863 124 62 202.762
-53.9906 172.894 126 63 550.173
-53.9906 167.362 130 65 1398.92
-53.9906 155.891 134 67 787.604
-53.9906 150.359 138 69 557.384
-9.81648 53.8078 138 69 8074.49
-53.9906 138.889 144 72 394.045
-53.9906 130.32 150 75 385.094
-53.9906 124.72 152 76 180.676
-14.7247 53.8078 152 76 541.748
-53.9906 133.221 152 76 276.455
-53.9906 121.818 154 77 199.117
-51.5365 117.568 158 79 317.267
-53.9906 116.218 158 79 418.255
-53.9906 113.317 160 80 205.681
-51.5365 120.469 160 80 60.7826
-51.5365 111.968 162 81 252.431
-51.5365 109.066 164 82 387.393
-51.5365 103.467 166 83 272.194
-49.0824 96.3143 168 84 179.658
-49.0824 99.2159 170 85 254.586
-49.0824 87.813 172 86 66.3463
-46.6282 86.4639 172 86 188.742
-49.0824 90.7145 172 86 328.347
-12.2706 52.4586 176 88 21248.2
-46.6282 83.5624 178 89 207.686
-41.72 77.9626 178 89 58.7627
-46.6282 92.0637 178 89 58.9387
-41.72 75.0611 180 90 189.552
-44.1741 79.3117 180 90 257.196
-44.1741 82.2132 182 91 63.7063
-41.72 69.4613 186 93 374.09
-39.2659 65.2106 190 95 401.174
-36.8118 60.9599 192 96 130.892
-39.2659 62.3091 192 96 215.988
-36.8118 58.0584 192 96 130.528
-31.9035 52.4586 194 97 67.2526
-34.3576 53.8078 194 97 284.379
-29.4494 45.3065 200 100 602.156
-31.9035 49.5571 202 101 205.623
-26.9953 41.0558 204 102 274.156
-31.9035 43.9573 204 102 63.9324
-26.9953 43.9573 206 103 64.3339
-24.5412 36.8052 208 104 336.088
-12.2706 49.5571 208 104 15903.1
-24.5412 31.2053 208 104 174.805
-22.0871 32.5545 210 105 1733.76
-19.6329 31.2053 212 106 64.9566
-19.6329 28.3038 212 106 899.345
-22.0871 26.9547 212 106 66.1583
9.81648 -5.70141 236 118 67.0937
4.90825 -2.7999 238 119 208.242
7.36237 -7.05056 238 119 172.466
-9.81648 48.208 242 121 195.431
4.90825 -5.70141 242 121 67.1915
12.2706 -9.95207 242 121 390.594
-14.7247 48.208 242 121 12076.7
14.7247 -11.3012 244 122 176.419
14.7247 -14.2027 246 123 294.204
17.1788 -15.5519 246 123 367.27
24.5412 -19.8025 248 124 131.771
29.4494 -22.704 250 125 56.9721
22.0871 -18.4534 250 125 185.444
31.9035 -26.9547 254 127 141.098
26.9953 -24.0532 254 127 309.829
24.5412 -22.704 256 128 57.2833
34.3577 -28.3038 256 128 127.834
34.3577 -31.2053 258 129 59.0557
39.2659 -31.2053 260 130 878.944
41.72 -35.456 260 130 65.354
44.1741 -36.8052 262 131 69.6964
36.8118 -32.5545 264 132 193.009
46.6282 -35.456 266 133 148.236
41.72 -32.5545 266 133 214.811
56.4447 -43.9573 270 135 180.397
49.0824 -36.8052 270 135 67.4877
56.4447 -41.0558 270 135 250.328
49.0824 -39.7067 270 135 134.517
53.9906 -39.7067 272 136 448.678
51.5365 -41.0558 272 136 293.007
63.8071 -48.208 276 138 208.109
61.3529 -43.9573 276 138 1861.69
-9.81648 45.3065 276 138 67.3945
63.8071 -45.3065 276 138 801.826
58.8988 -45.3065 276 138 282.946
66.2612 -49.5571 280 140 71.2636
71.1694 -52.4586 280 140 76.5094
68.7153 -48.208 282 141 121.79
76.0776 -52.4586 282 141 454.241
71.1694 -49.5571 284 142 368.261
-14.7247 45.3065 288 144 15878.1
83.44 -56.7093 288 144 142.74
78.5318 -53.8078 288 144 132.527
85.8941 -58.0584 290 145 190.55
88.3482 -56.7093 290 145 200.732
83.44 -53.8078 292 146 146.543
90.8023 -58.0584 292 146 177.976
95.7106 -60.9599 294 147 292.248
93.2565 -56.7093 296 148 135.97
95.7106 -58.0584 298 149 361.578
98.1647 -62.3091 300 150 51.1808
107.981 -62.3091 302 151 204.01
103.073 -62.3091 302 151 188.827
100.619 -60.9599 302 151 269.152
112.889 -65.2106 306 153 170.132
105.527 -60.9599 306 153 214.999
115.344 -66.5598 308 154 498.424
117.798 -62.3091 308 154 132.277
112.889 -62.3091 310 155 72.6038
117.798 -65.2106 310 155 1990.22
-17.1788 43.9573 312 156 1642.24
122.706 -65.3461 312 156 854.733
-12.2706 43.9573 312 156 9671.56
132.522 -70.8781 316 158 125.54
132.522 -65.3461 318 159 809.367
142.339 -70.8781 324 162 1706.1
142.339 -65.3461 324 162 742.295
152.155 -70.8781 332 166 586.53
161.972 -70.8781 336 168 1011.84
166.88 -73.8474 338 169 128.16
-12.2706 41.0558 340 170 5497.32
176.697 -73.8474 340 170 138.165
171.788 -65.3461 342 171 334.454
171.788 -70.8781 342 171 2002.8
181.605 -65.3461 344 172 274.716
181.605 -70.8781 346 173 527.585
191.421 -70.8781 350 175 65.5431
-17.1788 41.0558 350 175 2241.48
191.421 -65.3461 352 176 992.877
-14.7247 39.7067 354 177 21115.1
201.238 -65.3461 358 179 787.014
196.329 -62.3768 358 179 63.3567
206.146 -62.3768 360 180 644.236
211.054 -65.3461 362 181 327.537
215.962 -62.3768 364 182 248.565
-14.7247 36.8052 402 201 13763.2
-12.2706 35.456 444 222 4153.74
-17.1788 35.456 448 224 2059.28
-17.1788 32.5545 472 236 1926.52
-12.2706 32.5545 474 237 4385.43
-14.7247 31.2053 502 251 20080.2
-9.81648 31.2053 504 252 253.781
-14.7247 28.3038 524 262 10966.7
-9.81648 28.3038 552 276 321.007
-17.1788 26.9547 556 278 791.684
-12.2706 26.9547 566 283 11069.6
-17.1788 24.0532 582 291 386.009
-12.2706 24.0532 592 296 13488
-14.7247 22.704 600 300 3177.93
-9.81648 22.704 638 319 2988.33
-14.7247 19.8025 640 320 2337.64
-9.81648 19.8025 658 329 4766.43
-12.2706 18.4534 682 341 10810.1
-7.36237 18.4534 702 351 981.536
-14.7247 14.2027 726 363 66.6026
-12.2706 15.5519 728 364 6216.46
-7.36237 15.5519 734 367 2849.27
-9.81648 14.2027 760 380 15428.1
-12.2706 9.95207 794 397 391.649
-4.90825 14.2027 796 398 664.588
-9.81648 11.3012 796 398 9865.61
-7.36236 9.95207 834 417 11129.4
-19.6329 266.408 842 421 348.605
-29.4494 260.876 846 423 66.8583
-9.81648 5.70141 850 425 524.096
-2.45413 9.95207 850 425 725.161
-4.90825 11.3012 850 425 2191.57
-24.5412 257.907 852 426 200.437
-7.36236 7.05056 852 426 9837.06
-29.4494 249.406 854 427 394.915
-34.3576 240.904 862 431 848.588
-39.2659 243.874 862 431 58.9231
-39.2659 232.403 864 432 398.933
-44.1741 223.902 872 436 628.259
-53.9906 206.899 878 439 65.3709
-49.0824 209.868 880 440 2271.69
-49.0824 215.4 880 440 206.148
-53.9906 201.367 886 443 209.563
-53.9906 189.897 892 446 384.327
-2.45413 7.05056 894 447 3168.52
-4.90825 5.70141 894 447 14766.9
-53.9906 184.364 894 447 403.911
-58.8988 175.863 900 450 188.788
-58.8988 164.393 904 452 405.418
-58.8988 158.861 908 454 1446.18
-58.8988 147.39 912 456 263.83
-56.4447 134.57 920 460 131.65
-58.8988 141.858 920 460 415.592
-4.90825 2.7999 936 468 6331.56
-53.9906 107.717 938 469 213.239
-7.36237 1.45075 940 470 133.083
-51.5365 100.565 940 470 119.163
-1.33514e-05 5.70141 940 470 1194.16
-53.9906 104.816 942 471 63.9427
-51.5365 94.9652 944 472 201.571
-46.6282 77.9626 956 478 128.629
-44.1741 73.7119 958 479 128.054
-46.6282 75.0611 960 480 67.8303
-41.72 66.5598 960 480 140.258
-2.45413 1.45075 966 483 9008.9
-34.3576 48.208 974 487 61.3816
-26.9953 35.456 984 492 63.2626
-19.6329 22.704 986 493 63.2359
-1.33514e-05 2.7999 992 496 4031.02
-1.33514e-05 -2.7999 994 497 1038.55
-2.45413 -1.45075 994 497 2022.6
2.45413 1.45075 994 497 1659.94
2.45413 -1.45075 998 499 926.838
